xpunkt=[  -18    23    75    47    49
   -10    27    73    47    49
    -9    27    74    55    49
    -8    28    74    53    51
    -7    30    77    63    54
     0.1    32    80    65    60
    -5    36    86    65    60
    -1    38    86    65    57
    -3    37    88    64    60
    -6    40    87    57    56
    -9    32    80    57    51
   -10    32    78    53    50
   -16    24    74    53    45
   -12    25    71    50    49
   -19    24    74    47    46
   -18    23    75    47    49];
ypunkt=[    11    37   100    70    25
    14    35    95    68    23
    14    32    95    71    20
    11    33    91    68    23
    11    38    94    61    21
    10    30    95    64    22
    16    32   102    70    25
    20    35   104    75    26
    26    42   106    75    27
    23    49   107    74    29
    24    46   109    75    30
    22    49   102    78    30
    28    48   110    75    29
    20    43   103    76    27
    21    43   102    78    26
    11    37   100    70    25];